Femur:
	ACL = 8058
	PCL = 6507
	MCL(fem) = 9854
	LCL(fib) = 8986 
Tibia:
	ACL = 2427
	PCL = 4428
	MCL(fem) = 5699
	LCL(fib) = [55.763, 20.345, -40.395]



ACLa:
	f: (7.118, 10.8916, 7.3955) 55
	t: (-1.54371, -6.01859, -21.8082) 538
ACLp:
	f: (11.9771, 14.9252, -3.30701) 1900
	t: (6.24664, 5.31784, -19.7649) 1001
PCLa:
	f: 1556
	t: 1000
PCLp:
	f: 274
	t: 189
LCL:
	f: 849
	t: [55.763, 20.345, -40.395]
MCLa:
	f: 799
	t: 1272
MCLo:
	f: 278
	t: 1206
MCLd:
	f: 1804
	t: 718